-0.879381 -0.475803
-0.879397 -0.283936
-0.863416 -0.0930384
-0.827687 0.0956985
-0.772768 0.276808
-0.689739 0.444022
-0.578936 0.584222
-0.449332 0.704094
-0.300041 0.800736
-0.119441 0.83554
0.0654094 0.801847
0.221034 0.706019
0.356178 0.585351
0.470938 0.442869
0.555446 0.272112
0.608861 0.0894693
0.642467 -0.100458
0.657326 -0.292559
0.65512 -0.485433
-0.757009 -0.586793
-0.683177 -0.6627
-0.580455 -0.686902
-0.469054 -0.676752
-0.364034 -0.648435
-0.288433 -0.572298
-0.385848 -0.578332
-0.48029 -0.598816
-0.575754 -0.61151
-0.667129 -0.605166
0.03296 -0.576551
0.109104 -0.654344
0.215713 -0.68366
0.328708 -0.694898
0.433484 -0.670997
0.510386 -0.595192
0.41817 -0.613516
0.325054 -0.619432
0.228073 -0.60548
0.132123 -0.583361
-0.628112 -0.421138
-0.59219 -0.459421
-0.542609 -0.481431
-0.482899 -0.488561
-0.416538 -0.474754
-0.362912 -0.441294
-0.322185 -0.389945
-0.377265 -0.379829
-0.431476 -0.370046
-0.488746 -0.364701
-0.543933 -0.370734
-0.590445 -0.389226
0.0748501 -0.392258
0.115393 -0.443977
0.168396 -0.47816
0.23445 -0.492657
0.294718 -0.486188
0.345148 -0.464457
0.382121 -0.426165
0.343861 -0.393967
0.296872 -0.375214
0.241015 -0.368774
0.183754 -0.373786
0.129911 -0.382935
-0.222048 -0.417255
-0.224109 -0.258024
-0.254756 -0.0954096
-0.332122 -0.0168354
-0.303255 0.0818456
-0.166472 0.113292
-0.0856096 0.112868
0.0542488 0.0809409
0.0833684 -0.0186405
0.00284146 -0.0961583
-0.0274248 -0.258654
-0.0289183 -0.418068
-0.390049 0.33508
-0.320629 0.288175
-0.212753 0.261133
-0.123601 0.275062
-0.0335071 0.260249
0.0774385 0.285624
0.15122 0.331097
0.0960256 0.414861
0.00122065 0.474712
-0.122335 0.496155
-0.244114 0.476127
-0.337048 0.417239
-0.374066 0.336988
-0.251306 0.332765
-0.123008 0.340464
0.00851477 0.33099
0.135132 0.333273
0.0113067 0.362025
-0.122599 0.379473
-0.253402 0.363882
